   10
ASPAC03769  0.000000  0.338914  1.721376  0.338914  0.272933  0.413172
  0.178818  0.185961  1.229074  0.417539
ASPFN08740  0.338914  0.000000  1.655409  0.000010  0.297693  0.381497
  0.318089  0.319384  1.096937  0.382014
HORVD05781  1.721376  1.655409  0.000000  1.655409  1.723934  1.833095
  1.632452  1.633441  2.479143  1.849603
ASPOR04405  0.338914  0.000010  1.655409  0.000000  0.297693  0.381497
  0.318089  0.319384  1.096937  0.382014
ASPCL04100  0.272933  0.297693  1.723934  0.297693  0.000000  0.346382
  0.161980  0.169125  1.226549  0.353927
PENCW11731  0.413172  0.381497  1.833095  0.381497  0.346382  0.000000
  0.372404  0.391820  1.108786  0.005164
NEOFI00364  0.178818  0.318089  1.632452  0.318089  0.161980  0.372404
  0.000000  0.018244  1.200181  0.376702
ASPFU06544  0.185961  0.319384  1.633441  0.319384  0.169125  0.391820
  0.018244  0.000000  1.237283  0.396202
ASHGO01704  1.229074  1.096937  2.479143  1.096937  1.226549  1.108786
  1.200181  1.237283  0.000000  1.117471
PENCH04510  0.417539  0.382014  1.849603  0.382014  0.353927  0.005164
  0.376702  0.396202  1.117471  0.000000
